# Number of parameters = 137 Objective function value = 380.459948193060  Maximum gradient component = 7.69967677600396e-05
# steepness:
0.599550000000
# log_Rzero:
3.00000000000
# log_mean_rec:
1.04309672100
# sigr:
0.898653539182
# log_fish_sel_coffs:
 0.00000000000 0.00000000000 0.00000000000 0.00000000000 0.00000000000 0.00000000000 0.00000000000 0.00000000000
# a50:
10.0624050178
# delta:
2.46575894306
# a50_mat:
10.3365636162
# delta_mat:
0.659558334869
# log_srv1_sel_coffs:
 0.00000000000 0.00000000000 0.00000000000 0.00000000000 0.00000000000 0.00000000000 0.00000000000
# a50_srv1:
9.21933900340
# delta_srv1:
4.68704275189
# log_srv2_sel_coffs:
 0.00000000000 0.00000000000 0.00000000000 0.00000000000 0.00000000000 0.00000000000 0.00000000000
# a50_srv2:
7.30000000000
# delta_srv2:
3.80000000000
# log_avg_F:
-3.15879762032
# log_F_devs:
 -0.368340413625 -0.838667098559 -0.654861331528 -0.0948223179371 0.130353800205 0.159144351115 0.288975184358 -0.114044068869 -1.58506570678 -1.98470420994 -1.98890292427 -0.0122467423975 0.190703123501 -0.0206521594820 0.0924324882906 0.959378923098 0.896980579987 0.828451264733 0.733939724242 0.404807092492 0.344177710079 0.474730706435 0.829313621155 0.610366809260 0.368701929958 0.425144535972 0.301730885093 0.134701307268 -0.0928523802477 -0.0609353068238 0.208456521636 0.246119929969 0.0437101111334 0.0414206966237 -0.181913608056 0.259360845674 0.0588101447247 0.0504468542757 -0.0238599729256 0.150850868738 -0.0886827163468 -0.0156846919889 -0.187369722671 -0.342839987584 -0.0881141821258 -0.215774191370 0.0814625946083 -0.354338485792
# log_rec_dev:
 -0.503588584564 -0.527189455347 -0.551471544273 -0.576470231357 -0.602143820933 -0.628460163748 -0.655405511964 -0.682913383644 -0.710831202061 -0.739186864589 -0.767957850407 -0.797215906369 -0.826782765414 -0.856111528566 -0.885760784590 -0.915672396400 -0.946402476495 -0.976005972298 -0.999531795856 -1.00848328395 -0.996571937485 -0.936717480609 -0.808226153125 -0.713396001044 -0.614290712261 -0.554242495801 -0.568042798709 -0.525788699207 -0.501337738544 -0.443469848899 -0.199119610476 0.609620692722 0.757773557313 0.811006677104 0.291506317154 0.537014778761 0.151931219974 0.0862627275279 -0.223127581664 1.15168891522 0.721737856776 1.83865847849 1.48090960794 1.33393940424 0.0627916107660 0.996219636272 0.704923072568 1.77553623999 0.106203710077 1.17552588354 1.90016551102 -0.0517007763277 1.44174561874 1.64929956914 0.888071273663 1.23162704349 1.18111095835 0.424518371038 0.513790259642 0.602171133421 0.800689385623 0.939864844254 1.43936352573 1.24073603584 1.03119136852 1.82117026638 0.533446321611 0.955149734027 0.834535403157 0.797707223997 -0.259491961210 -0.165709910392 -0.319800400126 -0.170328887575 -0.115005412768 -6.24865318777e-06
# log_q_srv1:
-0.278855549735
# log_q_srv2:
0.00000000000
# cv_cpue:
0.00000000000
# logm:
-2.65926003693
# mF50:
0.0611166914088
# mF40:
0.0902905652576
# mF35:
0.110825787881
